19
36
46
96
130
205
226
266
303
304
305
306
307
308
309
310
311
312
313
314
315
316
317
318
319
320
321
322
323
324
325
326
327
328
329
330
331
332
333
334
335
336
337
338
339
340
341
342
343
344
345
346
347
348
349
350
351
352
353
354
355
356
357
358
359
360
361
362
363
364
365
366
367
368
369
370
371
372
373
374
375
376
377
378
379
380
381
382
383
384
385
386
387
388
389
390
391
392
393
394
395
396
397
398
399
400
401
402
403
404
405
406
407
408
409
410
411
412
413
414
415
416
417
418
419
420
421
422
423
424
425
426
427
428
429
430
431
432
433
435
436
437
438
439
440
441
442
443
444
445
446
447
448
449
450
451
452
453
454
459
494
507
514
538
559
572
602
610
620
631
735
771
785
826
840
851
861
926
964
968
974
996
1023
1024
1168
1212
1221
1240
1282
1283
1297
1300
1335
1360
1376
1385
1393
1400
1405
1494
1539
1566
1629
1648
1651
1661
1710
1755
1758
1759
1760
1761
1762
1763
1764
1775
1798
1821
1836
1867
1872
1873
1874
1875
1876
1877
1878
1879
1880
1881
1882
1883
1884
1885
1886
1887
1888
1889
1890
1891
1892
1894
1895
1896
1897
1898
1899
1900
1901
1902
1903
1904
1905
1906
1907
1908
1909
1910
1911
1912
1913
1914
1915
1916
1917
1918
1919
1920
1921
1922
1923
1924
1925
1926
1927
1928
1929
1930
1931
1932
1933
1934
1935
1937
1938
1939
1940
1941
1942
1943
1944
1945
1946
1947
1948
1949
1950
1951
1952
1953
1954
1955
1956
1957
1958
1959
1986
1993
1994
2044
2068
2069
2070
2071
2072
2073
2074
2075
2076
2077
2105
2107
2111
2146
2159
2162
2171
2187
2216
2217
2218
2219
2220
2221
2222
2223
2224
2225
2226
2227
2228
2229
2230
2231
2232
2233
2234
2235
2236
2237
2238
2239
2240
2241
2242
2243
2244
2245
2246
2247
2248
2249
2250
2251
2252
2253
2254
2255
2259
2276
2334
2345
2377
2390
2392
2410
2415
2450
2459
2515
2533
2534
2535
2536
2537
2538
2539
2540
2541
2542
2543
2544
2545
2546
2547
2548
2549
2550
2551
2552
2586
2600
2613
2626
2633
2638
2639
2640
2641
2642
2643
2644
2645
2646
2647
2648
2649
2650
2651
2678
2680
2681
2682
2683
2684
2685
2686
2687
2688
2689
2690
2691
2692
2706
2726
2727
2748
2771
